  WELLS_TR       RCH_ZONE_1     RCH_ZONE_2     RIVERS         SS_1           HK_1           VERT_K_CB      SS_2           HK_2      
  1.000000     -0.1513037     -0.9110748     -0.1179254     -0.8395467     -0.9959213     -0.6208532     -0.9266747E-01 -0.9719599    
-0.1513037       1.000000     -0.2514318      0.1070543E-01  0.1201156      0.1554286      0.9676620E-01  0.2142623E-01  0.1328005    
-0.9110748     -0.2514318       1.000000      0.1178231      0.7591918      0.9057919      0.5563969      0.9447785E-01  0.8912297    
-0.1179254      0.1070543E-01  0.1178231       1.000000     -0.1137169      0.5326853E-01 -0.3133593      0.4205069      0.2651305    
-0.8395467      0.1201156      0.7591918     -0.1137169       1.000000      0.8327637      0.8482882     -0.4453126      0.8102354    
-0.9959213      0.1554286      0.9057919      0.5326853E-01  0.8327637       1.000000      0.6281552      0.9262248E-01  0.9478008    
-0.6208532      0.9676620E-01  0.5563969     -0.3133593      0.8482882      0.6281552       1.000000     -0.5960251      0.5686719    
-0.9266747E-01  0.2142623E-01  0.9447785E-01  0.4205069     -0.4453126      0.9262248E-01 -0.5960251       1.000000      0.1084763    
-0.9719599      0.1328005      0.8912297      0.2651305      0.8102354      0.9478008      0.5686719      0.1084763       1.000000    
