  WELLS_TR       RCH_ZONE_1     RCH_ZONE_2     RIVERS         SS_1           HK_1           VERT_K_CB      SS_2           HK_2      
  1.000000     -0.1513197     -0.9110766     -0.1179601     -0.8395492     -0.9959216     -0.6208503     -0.9267624E-01 -0.9719625    
-0.1513197       1.000000     -0.2514122      0.1072464E-01  0.1201268      0.1554437      0.9677194E-01  0.2143363E-01  0.1328189    
-0.9110766     -0.2514122       1.000000      0.1178510      0.7591966      0.9057943      0.5563965      0.9448447E-01  0.8912329    
-0.1179601      0.1072464E-01  0.1178510       1.000000     -0.1136815      0.5330827E-01 -0.3133372      0.4205058      0.2651517    
-0.8395492      0.1201268      0.7591966     -0.1136815       1.000000      0.8327656      0.8482857     -0.4453009      0.8102429    
-0.9959216      0.1554437      0.9057943      0.5330827E-01  0.8327656       1.000000      0.6281508      0.9263311E-01  0.9478056    
-0.6208503      0.9677194E-01  0.5563965     -0.3133372      0.8482857      0.6281508       1.000000     -0.5960211      0.5686750    
-0.9267624E-01  0.2143363E-01  0.9448447E-01  0.4205058     -0.4453009      0.9263311E-01 -0.5960211       1.000000      0.1084802    
-0.9719625      0.1328189      0.8912329      0.2651517      0.8102429      0.9478056      0.5686750      0.1084802       1.000000    
