  WELLS_TR       RCH_ZONE_1     RCH_ZONE_2     RIVERS         SS_1           HK_1           VERT_K_CB      SS_2           HK_2      
  1.000000     -0.1513074     -0.9110762     -0.1179956     -0.8395435     -0.9959212     -0.6208366     -0.9268585E-01 -0.9719608    
-0.1513074       1.000000     -0.2514248      0.1074141E-01  0.1201131      0.1554306      0.9675709E-01  0.2143947E-01  0.1328084    
-0.9110762     -0.2514248       1.000000      0.1178793      0.7591916      0.9057938      0.5563853      0.9449148E-01  0.8912305    
-0.1179956      0.1074141E-01  0.1178793       1.000000     -0.1136553      0.5333789E-01 -0.3133200      0.4205084      0.2651958    
-0.8395435      0.1201131      0.7591916     -0.1136553       1.000000      0.8327605      0.8482816     -0.4453016      0.8102335    
-0.9959212      0.1554306      0.9057938      0.5333789E-01  0.8327605      0.9999999      0.6281391      0.9264055E-01  0.9478016    
-0.6208366      0.9675709E-01  0.5563853     -0.3133200      0.8482816      0.6281391       1.000000     -0.5960267      0.5686562    
-0.9268585E-01  0.2143947E-01  0.9449148E-01  0.4205084     -0.4453016      0.9264055E-01 -0.5960267       1.000000      0.1084935    
-0.9719608      0.1328084      0.8912305      0.2651958      0.8102335      0.9478016      0.5686562      0.1084935       1.000000    
