  WELLS_TR       RCH_ZONE_1     RCH_ZONE_2     RIVERS         SS_1           HK_1           VERT_K_CB      SS_2           HK_2      
 0.5978496E-02 -0.4435137E-01 -0.3490972     -0.5392339E-02 -0.5631077E-02 -0.5551916E-02 -0.5620313E-02 -0.4829360E-02 -0.5606627E-02
-0.4435137E-01   14.36915      -4.722775      0.2403500E-01  0.3950068E-01  0.4248253E-01  0.4294797E-01  0.5475659E-01  0.3756051E-01
-0.3490972      -4.722775       24.55788      0.3452827      0.3263616      0.3236285      0.3228178      0.3155594      0.3294905    
-0.5392339E-02  0.2403500E-01  0.3452827      0.3495359     -0.5830220E-02  0.2272282E-02 -0.2168880E-01  0.1675495      0.1169490E-01
-0.5631077E-02  0.3950068E-01  0.3263616     -0.5830220E-02  0.7524863E-02  0.5208273E-02  0.8615274E-02 -0.2603323E-01  0.5243493E-02
-0.5551916E-02  0.4248253E-01  0.3236285      0.2272282E-02  0.5208273E-02  0.5198086E-02  0.5302288E-02  0.4501043E-02  0.5097969E-02
-0.5620313E-02  0.4294797E-01  0.3228178     -0.2168880E-01  0.8615274E-02  0.5302288E-02  0.1370741E-01 -0.4702887E-01  0.4967044E-02
-0.4829360E-02  0.5475659E-01  0.3155594      0.1675495     -0.2603323E-01  0.4501043E-02 -0.4702887E-01  0.4542034      0.5454211E-02
-0.5606627E-02  0.3756051E-01  0.3294905      0.1169490E-01  0.5243493E-02  0.5097969E-02  0.4967044E-02  0.5454211E-02  0.5565604E-02
